A	B	C	D	E	F	G	H	I	J	K
1	1e-07	1e-07	1e-07	0.01	0.01	0.01	1e-07	1e-07	1e-07	1
1e-07	1	1e-07	1e-07	0.01	0.01	1e-07	0.1	1e-07	1e-07	1e-07
1e-07	1e-07	1	1	0.01	1e-07	1e-07	1e-07	1	1	1e-07
1e-07	1e-07	1	1	0.01	1e-07	1e-07	1e-07	0.01	1	1e-07
0.01	0.01	0.01	0.01	1	0.1	1e-07	1	1e-07	0.1	1
0.01	0.01	1e-07	1e-07	0.1	1	0.01	1	1e-07	0.01	0.1
0.01	1e-07	1e-07	1e-07	1e-07	0.01	1	0.01	1e-07	1e-07	1e-07
1e-07	0.1	1e-07	1e-07	1	1	0.01	1	1e-07	0.01	0.01
1e-07	1e-07	1	0.01	1e-07	1e-07	1e-07	1e-07	1	0.01	1e-07
1e-07	1e-07	1	1	0.1	0.01	1e-07	0.01	0.01	1	0.01
1	1e-07	1e-07	1e-07	1	0.1	1e-07	0.01	1e-07	0.01	1

A	B	C	D	E	F	G	H	I	J	K
1	1e-07	1e-07	1e-07	0.01	0.01	0.01	1e-07	1e-07	1e-07	1
1e-07	1	1e-07	1e-07	0.01	0.01	1e-07	0.1	1e-07	1e-07	1e-07
1e-07	1e-07	1	1	0.01	1e-07	1e-07	1e-07	0.1	1	1e-07
1e-07	1e-07	1	1	0.01	1e-07	1e-07	1e-07	0.01	1	1e-07
0.01	0.01	0.01	0.01	1	0.1	1e-07	1	1e-07	0.1	1
0.01	0.01	1e-07	1e-07	0.1	1	0.01	1	1e-07	0.01	0.1
0.01	1e-07	1e-07	1e-07	1e-07	0.01	1	0.01	1e-07	1e-07	1e-07
1e-07	0.1	1e-07	1e-07	1	1	0.01	1	1e-07	0.01	0.01
1e-07	1e-07	0.1	0.01	1e-07	1e-07	1e-07	1e-07	1	0.01	1e-07
1e-07	1e-07	1	1	0.1	0.01	1e-07	0.01	0.01	1	0.01
1	1e-07	1e-07	1e-07	1	0.1	1e-07	0.01	1e-07	0.01	1

A	B	C	D	E	F	G	H	I	J	K
1	1e-07	1e-07	1e-07	0.01	0.01	0.01	1e-07	1e-07	1e-07	0.1
1e-07	1	1e-07	1e-07	0.01	0.01	1e-07	0.1	1e-07	1e-07	1e-07
1e-07	1e-07	1	1	0.01	1e-07	1e-07	1e-07	0.1	1	1e-07
1e-07	1e-07	1	1	0.01	1e-07	1e-07	1e-07	0.01	1	0.01
0.01	0.01	0.01	0.01	1	0.1	1e-07	1	1e-07	0.1	1
0.01	0.01	1e-07	1e-07	0.1	1	0.01	1	1e-07	0.01	0.1
0.01	1e-07	1e-07	1e-07	1e-07	0.01	1	0.01	1e-07	1e-07	1e-07
1e-07	0.1	1e-07	1e-07	1	1	0.01	1	1e-07	0.01	0.01
1e-07	1e-07	0.1	0.01	1e-07	1e-07	1e-07	1e-07	1	0.01	1e-07
1e-07	1e-07	1	1	0.1	0.01	1e-07	0.01	0.01	1	0.01
0.1	1e-07	1e-07	0.01	1	0.1	1e-07	0.01	1e-07	0.01	1

A	B	C	D	E	F	G	H	I	J	K
1	1e-07	1e-07	1e-07	1e-07	1e-07	0.01	1e-07	1e-07	1e-07	0.01
1e-07	1	1e-07	1e-07	1e-07	1e-07	1e-07	0.01	1e-07	1e-07	1e-07
1e-07	1e-07	1	1	0.01	1e-07	1e-07	1e-07	0.01	1	1e-07
1e-07	1e-07	1	1	0.01	1e-07	1e-07	1e-07	1e-07	1	0.01
1e-07	1e-07	0.01	0.01	1	0.1	1e-07	1	1e-07	0.1	1
1e-07	1e-07	1e-07	1e-07	0.1	1	0.01	1	1e-07	0.01	0.1
0.01	1e-07	1e-07	1e-07	1e-07	0.01	1	0.01	1e-07	1e-07	1e-07
1e-07	0.01	1e-07	1e-07	1	1	0.01	1	1e-07	0.01	0.01
1e-07	1e-07	0.01	1e-07	1e-07	1e-07	1e-07	1e-07	1	1e-07	1e-07
1e-07	1e-07	1	1	0.1	0.01	1e-07	0.01	1e-07	1	0.01
0.01	1e-07	1e-07	0.01	1	0.1	1e-07	0.01	1e-07	0.01	1

A	B	C	D	E	F	G	H	I	J	K
1	1e-07	1e-07	1e-07	1e-07	1e-07	0.01	1e-07	1e-07	1e-07	0.01
1e-07	1	1e-07	1e-07	1e-07	1e-07	1e-07	0.01	1e-07	1e-07	1e-07
1e-07	1e-07	1	1	0.01	1e-07	1e-07	1e-07	0.01	1	1e-07
1e-07	1e-07	1	1	0.01	1e-07	1e-07	1e-07	1e-07	1	0.01
1e-07	1e-07	0.01	0.01	1	0.1	1e-07	1	1e-07	0.1	1
1e-07	1e-07	1e-07	1e-07	0.1	1	0.01	1	1e-07	0.01	0.1
0.01	1e-07	1e-07	1e-07	1e-07	0.01	1	0.01	1e-07	1e-07	1e-07
1e-07	0.01	1e-07	1e-07	1	1	0.01	1	1e-07	0.01	0.01
1e-07	1e-07	0.01	1e-07	1e-07	1e-07	1e-07	1e-07	1	1e-07	1e-07
1e-07	1e-07	1	1	0.1	0.01	1e-07	0.01	1e-07	1	0.01
0.01	1e-07	1e-07	0.01	1	0.1	1e-07	0.01	1e-07	0.01	1

END
