A	B	C	D	E	F	G	H	I	J	K
1	0.01	0.01	0.01	0.1	0.1	0.1	0.01	0.01	0.01	1
0.01	1	0.01	0.01	0.1	0.1	0.01	0.5	0.01	0.01	0.01
0.01	0.01	1	1	0.1	0.01	0.01	0.01	1	1	0.01
0.01	0.01	1	1	0.1	0.01	0.01	0.01	0.1	1	0.01
0.1	0.1	0.1	0.1	1	0.5	0.01	1	0.01	0.5	1
0.1	0.1	0.01	0.01	0.5	1	0.1	1	0.01	0.1	0.5
0.1	0.01	0.01	0.01	0.01	0.1	1	0.1	0.01	0.01	0.01
0.01	0.5	0.01	0.01	1	1	0.1	1	0.01	0.1	0.1
0.01	0.01	1	0.1	0.01	0.01	0.01	0.01	1	0.1	0.01
0.01	0.01	1	1	0.5	0.1	0.01	0.1	0.1	1	0.1
1	0.01	0.01	0.01	1	0.5	0.01	0.1	0.01	0.1	1

A	B	C	D	E	F	G	H	I	J	K
1	0.01	0.01	0.01	0.1	0.1	0.1	0.01	0.01	0.01	1
0.01	1	0.01	0.01	0.1	0.1	0.01	0.5	0.01	0.01	0.01
0.01	0.01	1	1	0.1	0.01	0.01	0.01	0.5	1	0.01
0.01	0.01	1	1	0.1	0.01	0.01	0.01	0.1	1	0.01
0.1	0.1	0.1	0.1	1	0.5	0.01	1	0.01	0.5	1
0.1	0.1	0.01	0.01	0.5	1	0.1	1	0.01	0.1	0.5
0.1	0.01	0.01	0.01	0.01	0.1	1	0.1	0.01	0.01	0.01
0.01	0.5	0.01	0.01	1	1	0.1	1	0.01	0.1	0.1
0.01	0.01	0.5	0.1	0.01	0.01	0.01	0.01	1	0.1	0.01
0.01	0.01	1	1	0.5	0.1	0.01	0.1	0.1	1	0.1
1	0.01	0.01	0.01	1	0.5	0.01	0.1	0.01	0.1	1

A	B	C	D	E	F	G	H	I	J	K
1	0.01	0.01	0.01	0.1	0.1	0.1	0.01	0.01	0.01	0.5
0.01	1	0.01	0.01	0.1	0.1	0.01	0.5	0.01	0.01	0.01
0.01	0.01	1	1	0.1	0.01	0.01	0.01	0.5	1	0.01
0.01	0.01	1	1	0.1	0.01	0.01	0.01	0.1	1	0.1
0.1	0.1	0.1	0.1	1	0.5	0.01	1	0.01	0.5	1
0.1	0.1	0.01	0.01	0.5	1	0.1	1	0.01	0.1	0.5
0.1	0.01	0.01	0.01	0.01	0.1	1	0.1	0.01	0.01	0.01
0.01	0.5	0.01	0.01	1	1	0.1	1	0.01	0.1	0.1
0.01	0.01	0.5	0.1	0.01	0.01	0.01	0.01	1	0.1	0.01
0.01	0.01	1	1	0.5	0.1	0.01	0.1	0.1	1	0.1
0.5	0.01	0.01	0.1	1	0.5	0.01	0.1	0.01	0.1	1

A	B	C	D	E	F	G	H	I	J	K
1	0.01	0.01	0.01	0.01	0.01	0.1	0.01	0.01	0.01	0.1
0.01	1	0.01	0.01	0.01	0.01	0.01	0.1	0.01	0.01	0.01
0.01	0.01	1	1	0.1	0.01	0.01	0.01	0.1	1	0.01
0.01	0.01	1	1	0.1	0.01	0.01	0.01	0.01	1	0.1
0.01	0.01	0.1	0.1	1	0.5	0.01	1	0.01	0.5	1
0.01	0.01	0.01	0.01	0.5	1	0.1	1	0.01	0.1	0.5
0.1	0.01	0.01	0.01	0.01	0.1	1	0.1	0.01	0.01	0.01
0.01	0.1	0.01	0.01	1	1	0.1	1	0.01	0.1	0.1
0.01	0.01	0.1	0.01	0.01	0.01	0.01	0.01	1	0.01	0.01
0.01	0.01	1	1	0.5	0.1	0.01	0.1	0.01	1	0.1
0.1	0.01	0.01	0.1	1	0.5	0.01	0.1	0.01	0.1	1

A	B	C	D	E	F	G	H	I	J	K
1	0.01	0.01	0.01	0.01	0.01	0.1	0.01	0.01	0.01	0.1
0.01	1	0.01	0.01	0.01	0.01	0.01	0.1	0.01	0.01	0.01
0.01	0.01	1	1	0.1	0.01	0.01	0.01	0.1	1	0.01
0.01	0.01	1	1	0.1	0.01	0.01	0.01	0.01	1	0.1
0.01	0.01	0.1	0.1	1	0.5	0.01	1	0.01	0.5	1
0.01	0.01	0.01	0.01	0.5	1	0.1	1	0.01	0.1	0.5
0.1	0.01	0.01	0.01	0.01	0.1	1	0.1	0.01	0.01	0.01
0.01	0.1	0.01	0.01	1	1	0.1	1	0.01	0.1	0.1
0.01	0.01	0.1	0.01	0.01	0.01	0.01	0.01	1	0.01	0.01
0.01	0.01	1	1	0.5	0.1	0.01	0.1	0.01	1	0.1
0.1	0.01	0.01	0.1	1	0.5	0.01	0.1	0.01	0.1	1

END
